# unix_time, cycles_done, cur_path, paths_total, pending_total, pending_favs, map_size, unique_crashes, unique_hangs, max_depth, execs_per_sec
1614617721, 0, 0, 1, 1, 1, 0.25%, 0, 0, 1, 22.41
1614617726, 0, 0, 10, 10, 1, 0.26%, 0, 0, 2, 26.24
1614617731, 0, 0, 16, 16, 1, 0.26%, 0, 0, 2, 27.71
1614617736, 0, 0, 23, 23, 1, 0.26%, 0, 0, 2, 28.27
1614617741, 0, 0, 27, 27, 1, 0.26%, 0, 0, 2, 27.85
1614617747, 0, 0, 31, 31, 1, 0.27%, 0, 0, 2, 28.13
1614617752, 0, 0, 35, 35, 1, 0.27%, 0, 0, 2, 27.45
1614617757, 0, 0, 41, 41, 1, 0.27%, 0, 0, 2, 27.28
1614617762, 0, 0, 45, 45, 1, 0.27%, 0, 0, 2, 28.71
1614617767, 0, 0, 49, 49, 1, 0.27%, 0, 0, 2, 28.00
1614617793, 0, 0, 50, 50, 1, 0.28%, 0, 0, 2, 28.31
1614617798, 0, 0, 51, 51, 1, 0.28%, 0, 0, 2, 28.62
1614617803, 0, 0, 52, 52, 1, 0.28%, 0, 0, 2, 28.35
1614617808, 0, 0, 53, 53, 1, 0.28%, 0, 0, 2, 29.18
1614617813, 0, 0, 55, 55, 1, 0.28%, 0, 0, 2, 28.89
1614617829, 0, 0, 57, 57, 1, 0.28%, 0, 0, 2, 29.08
1614617834, 0, 0, 59, 59, 1, 0.28%, 0, 0, 2, 28.57
1614617891, 0, 0, 60, 60, 1, 0.28%, 0, 0, 2, 27.54
1614617998, 0, 0, 61, 61, 1, 0.28%, 0, 0, 2, 29.10
1614618024, 0, 0, 62, 62, 1, 0.28%, 0, 0, 2, 28.32
1614618029, 0, 0, 63, 63, 1, 0.28%, 0, 0, 2, 28.74
1614618045, 0, 0, 66, 66, 1, 0.28%, 0, 0, 2, 28.20
1614618065, 0, 0, 67, 67, 1, 0.28%, 0, 0, 2, 28.49
1614618091, 0, 0, 68, 68, 1, 0.28%, 0, 0, 2, 27.00
1614618142, 0, 0, 69, 69, 1, 0.28%, 0, 0, 2, 26.42
1614618147, 0, 0, 70, 70, 1, 0.28%, 0, 0, 2, 25.72
1614618152, 0, 0, 71, 71, 1, 0.28%, 0, 0, 2, 27.17
1614618157, 0, 0, 75, 75, 1, 0.28%, 0, 0, 2, 27.37
1614618162, 0, 0, 76, 76, 1, 0.28%, 0, 0, 2, 27.59
1614618172, 0, 0, 77, 77, 1, 0.28%, 0, 0, 2, 27.56
