# unix_time, cycles_done, cur_path, paths_total, pending_total, pending_favs, map_size, unique_crashes, unique_hangs, max_depth, execs_per_sec
1614698145, 0, 0, 1, 1, 1, 0.30%, 0, 0, 1, 68.97
1614698150, 0, 0, 15, 15, 1, 0.30%, 0, 0, 2, 69.16
1614698155, 0, 0, 39, 39, 1, 0.30%, 0, 0, 2, 12.99
1614698160, 0, 0, 61, 61, 1, 0.30%, 0, 0, 2, 80.21
1614698165, 0, 0, 75, 75, 1, 0.30%, 0, 0, 2, 59.79
1614698170, 0, 0, 84, 84, 1, 0.30%, 0, 0, 2, 64.18
1614698176, 0, 0, 87, 87, 1, 0.30%, 0, 0, 2, 68.06
1614698181, 0, 0, 93, 93, 1, 0.30%, 0, 0, 2, 68.89
1614698191, 0, 0, 95, 95, 1, 0.30%, 0, 0, 2, 69.80
1614698196, 0, 0, 96, 96, 1, 0.30%, 0, 0, 2, 67.58
1614698201, 0, 0, 99, 99, 1, 0.30%, 0, 0, 2, 75.23
1614698206, 0, 0, 105, 105, 1, 0.31%, 0, 0, 2, 72.45
1614698212, 0, 0, 110, 110, 1, 0.31%, 0, 0, 2, 77.11
1614698217, 0, 0, 112, 112, 1, 0.31%, 0, 0, 2, 74.45
1614698222, 0, 0, 113, 113, 1, 0.31%, 0, 0, 2, 69.06
1614698253, 0, 0, 114, 114, 1, 0.31%, 0, 0, 2, 71.28
1614698263, 0, 0, 115, 115, 1, 0.31%, 0, 0, 2, 71.07
1614698268, 0, 0, 116, 116, 1, 0.31%, 0, 0, 2, 75.57
1614698314, 0, 0, 117, 117, 1, 0.31%, 0, 0, 2, 67.25
1614698319, 0, 0, 118, 118, 1, 0.31%, 0, 0, 2, 71.00
1614698330, 0, 0, 120, 120, 1, 0.31%, 0, 0, 2, 76.87
1614698335, 0, 0, 121, 121, 1, 0.31%, 0, 0, 2, 70.30
